id;qr_code
1;6f719f3b-18d3-4f6a-9d46-8938b11cf713
2;3449103e-ea1e-4b7e-9452-c50bf30151d2
3;1cecf0f3-77ff-4b7a-b92f-b18171862da1
4;a087d0cc-7667-4a89-9a63-94e621ef2eff
5;2b4b6893-542a-4fc0-9787-f387589da90c
6;a2966f86-4cac-49d2-a03b-40be24a280b6
7;e0746c9b-e250-412a-8d24-a1a6f95602c6
8;dc0b7bb0-3a90-4227-8f5b-bc709fad680a
